1 0.016666666666666666 0.4796875 0.030555555555555555 0.065625
1 0.05 0.4765625 0.04722222222222222 0.0515625
1 0.04722222222222222 0.440625 0.08888888888888889 0.0546875
5 0.11944444444444445 0.5109375 0.11388888888888889 0.090625
5 0.2722222222222222 0.503125 0.10833333333333334 0.096875
2 0.6027777777777777 0.4546875 0.22777777777777777 0.0953125
0 0.7972222222222223 0.484375 0.058333333333333334 0.0484375
4 0.9 0.51875 0.1 0.103125
4 0.9722222222222222 0.5421875 0.044444444444444446 0.1125
5 0.9055555555555556 0.4703125 0.075 0.034375
