5 0.9625 0.5555555555555556 0.0703125 0.5055555555555555
5 0.65 0.39444444444444443 0.09375 0.2638888888888889
5 0.5671875 0.3388888888888889 0.0484375 0.14166666666666666
5 0.5265625 0.30833333333333335 0.0296875 0.08333333333333333
5 0.490625 0.31666666666666665 0.0328125 0.09166666666666666
5 0.759375 0.3 0.046875 0.08055555555555556
0 0.81875 0.36944444444444446 0.21875 0.14444444444444443
2 0.4953125 0.26666666666666666 0.0390625 0.06944444444444445
5 0.459375 0.33055555555555555 0.0140625 0.12222222222222222
2 0.75 0.21666666666666667 0.1234375 0.09444444444444444
5 0.3046875 0.3138888888888889 0.04375 0.10277777777777777
