5 0.621875 0.5972222222222222 0.121875 0.37222222222222223
2 0.5078125 0.41944444444444445 0.0578125 0.1
5 0.98125 0.48055555555555557 0.0328125 0.09444444444444444
5 0.3484375 0.46111111111111114 0.0453125 0.09722222222222222
5 0.471875 0.475 0.0390625 0.11388888888888889
5 0.4578125 0.45555555555555555 0.0265625 0.08055555555555556
4 0.54375 0.4388888888888889 0.0140625 0.044444444444444446
5 0.565625 0.43333333333333335 0.0125 0.027777777777777776
5 0.584375 0.42777777777777776 0.0140625 0.025
5 0.4203125 0.4361111111111111 0.0203125 0.027777777777777776
