5 0.7046875 0.8761682242990654 0.165625 0.24065420560747663
5 0.6546875 0.7757009345794392 0.146875 0.3364485981308411
5 0.3140625 0.352803738317757 0.11875 0.17523364485981308
5 0.3140625 0.4322429906542056 0.11875 0.18925233644859812
5 0.3171875 0.5630841121495327 0.128125 0.2546728971962617
5 0.2890625 0.6845794392523364 0.175 0.2757009345794392
5 0.296875 0.7686915887850467 0.1484375 0.2546728971962617
5 0.275 0.8785046728971962 0.16875 0.15654205607476634
5 0.0921875 0.7313084112149533 0.1453125 0.2616822429906542
5 0.1734375 0.5584112149532711 0.1015625 0.24065420560747663
5 0.109375 0.677570093457944 0.140625 0.3107476635514019
5 0.2625 0.20794392523364486 0.0734375 0.17289719626168223
5 0.328125 0.3177570093457944 0.09375 0.19158878504672897
5 0.2 0.2850467289719626 0.1 0.22897196261682243
5 0.259375 0.19626168224299065 0.0765625 0.17757009345794392
5 0.5109375 0.1542056074766355 0.0625 0.14018691588785046
5 0.5875 0.4135514018691589 0.09375 0.22429906542056074
5 0.8046875 0.4976635514018692 0.11875 0.22897196261682243
5 0.8234375 0.6261682242990654 0.1375 0.24766355140186916
4 0.90625 0.5584112149532711 0.04375 0.26635514018691586
5 0.459375 0.3621495327102804 0.1015625 0.15654205607476634
5 0.41875 0.2827102803738318 0.0859375 0.1985981308411215
5 0.29375 0.07242990654205607 0.0703125 0.14018691588785046
5 0.4796875 0.8481308411214953 0.1703125 0.2546728971962617
5 0.46875 0.6728971962616822 0.1515625 0.19158878504672897
5 0.478125 0.5794392523364486 0.1375 0.1658878504672897
5 0.771875 0.3598130841121495 0.1125 0.1939252336448598
