5 0.9765625 0.9232365145228216 0.04375 0.1016597510373444
5 0.9109375 0.9232365145228216 0.05625 0.12448132780082988
5 0.95625 0.8443983402489627 0.0546875 0.06016597510373444
5 0.91875 0.7946058091286307 0.0359375 0.04771784232365145
5 0.8890625 0.8381742738589212 0.0390625 0.06431535269709543
5 0.8515625 0.7987551867219918 0.04375 0.09336099585062241
5 0.865625 0.7261410788381742 0.03125 0.05394190871369295
5 0.8109375 0.7551867219917012 0.040625 0.07468879668049792
5 0.828125 0.7012448132780082 0.0359375 0.035269709543568464
5 0.76875 0.7033195020746889 0.0328125 0.06431535269709543
5 0.75 0.6535269709543569 0.0234375 0.03319502074688797
5 0.725 0.7676348547717843 0.0671875 0.07676348547717843
5 0.66875 0.7593360995850622 0.0484375 0.08921161825726141
5 0.6390625 0.7199170124481328 0.021875 0.06431535269709543
5 0.590625 0.6825726141078838 0.028125 0.06431535269709543
5 0.6171875 0.6742738589211619 0.025 0.06431535269709543
5 0.66875 0.6535269709543569 0.025 0.04771784232365145
5 0.64375 0.6576763485477178 0.0234375 0.05186721991701245
5 0.6109375 0.6224066390041494 0.0203125 0.043568464730290454
5 0.6421875 0.6120331950207469 0.0203125 0.04149377593360996
5 0.6359375 0.5850622406639004 0.015625 0.012448132780082987
5 0.5796875 0.6141078838174274 0.0203125 0.03941908713692946
5 0.6015625 0.5892116182572614 0.015625 0.029045643153526972
5 0.590625 0.5663900414937759 0.0109375 0.026970954356846474
5 0.58125 0.5601659751037344 0.0109375 0.024896265560165973
5 0.5953125 0.549792531120332 0.0109375 0.012448132780082987
5 0.58125 0.5373443983402489 0.009375 0.014522821576763486
5 0.5953125 0.5352697095435685 0.009375 0.012448132780082987
5 0.1078125 0.8215767634854771 0.059375 0.08506224066390042
5 0.3546875 0.6784232365145229 0.028125 0.05186721991701245
5 0.328125 0.6721991701244814 0.025 0.05394190871369295
5 0.384375 0.6327800829875518 0.0203125 0.02074688796680498
5 0.403125 0.5975103734439834 0.0125 0.029045643153526972
5 0.390625 0.5892116182572614 0.0125 0.02074688796680498
5 0.428125 0.5726141078838174 0.00625 0.012448132780082987
5 0.4203125 0.5726141078838174 0.0078125 0.012448132780082987
0 0.3359375 0.6307053941908713 0.0234375 0.03112033195020747
0 0.4015625 0.6597510373443983 0.0375 0.03734439834024896
0 0.3921875 0.7074688796680498 0.03125 0.056016597510373446
0 0.334375 0.7634854771784232 0.05625 0.07676348547717843
0 0.278125 0.8734439834024896 0.109375 0.11825726141078838
0 0.3765625 0.6141078838174274 0.0328125 0.012448132780082987
2 0.546875 0.5871369294605809 0.03125 0.06224066390041494
2 0.4609375 0.6058091286307054 0.05 0.06846473029045644
