5 0.0484375 0.6845794392523364 0.0796875 0.1658878504672897
0 0.128125 0.5163551401869159 0.09375 0.0911214953271028
5 0.0625 0.4696261682242991 0.0515625 0.1939252336448598
5 0.0171875 0.4696261682242991 0.03125 0.1425233644859813
5 0.9625 0.7032710280373832 0.0609375 0.08177570093457943
5 0.934375 0.6401869158878505 0.05625 0.0514018691588785
5 0.775 0.5397196261682243 0.0625 0.10747663551401869
5 0.721875 0.4976635514018692 0.0453125 0.14719626168224298
5 0.0640625 0.016355140186915886 0.028125 0.03271028037383177
5 0.1296875 0.0630841121495327 0.034375 0.06074766355140187
5 0.1453125 0.02102803738317757 0.0328125 0.035046728971962614
5 0.2875 0.02102803738317757 0.040625 0.03271028037383177
5 0.2453125 0.09579439252336448 0.0421875 0.053738317757009345
5 0.265625 0.1425233644859813 0.040625 0.04439252336448598
5 0.26875 0.17757009345794392 0.0234375 0.028037383177570093
5 0.1484375 0.09813084112149532 0.015625 0.07476635514018691
5 0.190625 0.07009345794392523 0.034375 0.0514018691588785
5 0.190625 0.14485981308411214 0.021875 0.0630841121495327
5 0.775 0.3901869158878505 0.053125 0.1542056074766355
5 0.459375 0.11682242990654206 0.040625 0.05841121495327103
5 0.4859375 0.1658878504672897 0.0390625 0.056074766355140186
5 0.3234375 0.21495327102803738 0.0328125 0.08411214953271028
5 0.284375 0.25934579439252337 0.034375 0.04439252336448598
5 0.365625 0.24532710280373832 0.0421875 0.07476635514018691
5 0.478125 0.34345794392523366 0.046875 0.0794392523364486
5 0.528125 0.3294392523364486 0.0296875 0.10046728971962617
5 0.4078125 0.4158878504672897 0.0390625 0.09813084112149532
4 0.8703125 0.6495327102803738 0.0625 0.12850467289719625
5 0.6125 0.35514018691588783 0.0515625 0.07242990654205607
2 0.0671875 0.927570093457944 0.134375 0.1308411214953271
0 0.7765625 0.12850467289719625 0.15 0.1261682242990654
0 0.8890625 0.04672897196261682 0.13125 0.0911214953271028
5 0.0984375 0.1822429906542056 0.0375 0.06775700934579439
0 0.371875 0.12149532710280374 0.1171875 0.0794392523364486
