5 0.1 0.5985915492957746 0.065625 0.07511737089201878
5 0.159375 0.5516431924882629 0.05 0.07981220657276995
5 0.2953125 0.5234741784037559 0.034375 0.07746478873239436
5 0.328125 0.49061032863849763 0.028125 0.06572769953051644
5 0.2203125 0.4107981220657277 0.0234375 0.03990610328638498
5 0.4375 0.3591549295774648 0.009375 0.01643192488262911
5 0.421875 0.3685446009389671 0.0140625 0.023474178403755867
5 0.234375 0.4624413145539906 0.0234375 0.03755868544600939
5 0.2234375 0.49765258215962443 0.025 0.056338028169014086
5 0.2 0.5070422535211268 0.028125 0.05868544600938967
5 0.3984375 0.3779342723004695 0.0234375 0.028169014084507043
0 0.634375 0.43896713615023475 0.034375 0.051643192488262914
2 0.790625 0.6901408450704225 0.15625 0.34976525821596244
0 0.5734375 0.36384976525821594 0.021875 0.025821596244131457
5 0.6265625 0.323943661971831 0.009375 0.004694835680751174
2 0.6078125 0.31690140845070425 0.0140625 0.025821596244131457
2 0.546875 0.3215962441314554 0.01875 0.014084507042253521
2 0.559375 0.29577464788732394 0.0109375 0.01643192488262911
5 0.5171875 0.3286384976525822 0.00625 0.014084507042253521
5 0.503125 0.3333333333333333 0.009375 0.014084507042253521
4 0.6359375 0.3427230046948357 0.0046875 0.014084507042253521
