2 0.5234375 0.0430622009569378 0.025 0.019138755980861243
5 0.4796875 0.2607655502392344 0.0140625 0.0215311004784689
5 0.7953125 0.9425837320574163 0.0484375 0.09808612440191387
5 0.8703125 0.9545454545454546 0.0640625 0.06937799043062201
5 0.884375 0.8995215311004785 0.04375 0.06698564593301436
5 0.90625 0.8516746411483254 0.059375 0.05502392344497608
5 0.603125 0.7799043062200957 0.0390625 0.07416267942583732
5 0.4625 0.9808612440191388 0.0421875 0.03110047846889952
5 0.1125 0.7057416267942583 0.015625 0.09090909090909091
5 0.859375 0.7655502392344498 0.0375 0.07894736842105263
5 0.9609375 0.6578947368421053 0.0328125 0.045454545454545456
5 0.9203125 0.7129186602870813 0.040625 0.05980861244019139
5 0.8984375 0.638755980861244 0.0328125 0.045454545454545456
5 0.6953125 0.638755980861244 0.034375 0.05980861244019139
5 0.74375 0.5669856459330144 0.0296875 0.06220095693779904
5 0.94375 0.45215311004784686 0.028125 0.0430622009569378
5 0.95 0.6124401913875598 0.0328125 0.050239234449760764
5 0.8328125 0.6172248803827751 0.028125 0.028708133971291867
5 0.940625 0.3827751196172249 0.01875 0.03588516746411483
5 0.971875 0.3875598086124402 0.021875 0.0215311004784689
5 0.9203125 0.4090909090909091 0.0140625 0.0215311004784689
5 0.971875 0.30861244019138756 0.0203125 0.02631578947368421
5 0.903125 0.23684210526315788 0.0171875 0.019138755980861243
5 0.9328125 0.215311004784689 0.0125 0.019138755980861243
5 0.9296875 0.2703349282296651 0.0046875 0.01674641148325359
5 0.6921875 0.2679425837320574 0.0171875 0.02631578947368421
5 0.315625 0.5263157894736842 0.0328125 0.03110047846889952
5 0.3203125 0.48564593301435405 0.0296875 0.03827751196172249
5 0.3453125 0.45454545454545453 0.0296875 0.03588516746411483
5 0.396875 0.42105263157894735 0.0234375 0.050239234449760764
5 0.465625 0.5119617224880383 0.0328125 0.03110047846889952
5 0.440625 0.5239234449760766 0.028125 0.0215311004784689
2 0.6546875 0.03827751196172249 0.059375 0.019138755980861243
2 0.6484375 0.07416267942583732 0.0328125 0.023923444976076555
2 0.6890625 0.06220095693779904 0.028125 0.03349282296650718
2 0.71875 0.0645933014354067 0.025 0.014354066985645933
1 0.7296875 0.08373205741626795 0.034375 0.007177033492822967
1 0.7578125 0.12200956937799043 0.040625 0.06220095693779904
2 0.7921875 0.17703349282296652 0.04375 0.04784688995215311
5 0.9359375 0.5023923444976076 0.025 0.03110047846889952
5 0.9234375 0.5813397129186603 0.015625 0.05502392344497608
5 0.840625 0.6794258373205742 0.0234375 0.0430622009569378
5 0.8625 0.7081339712918661 0.028125 0.03588516746411483
0 0.9765625 0.7440191387559809 0.0421875 0.12440191387559808
4 0.0234375 0.9688995215311005 0.04375 0.05502392344497608
0 0.0453125 0.7703349282296651 0.090625 0.06698564593301436
0 0.053125 0.861244019138756 0.10625 0.12200956937799043
0 0.1359375 0.7894736842105263 0.1 0.0861244019138756
2 0.2 0.645933014354067 0.1609375 0.18660287081339713
2 0.3375 0.84688995215311 0.2078125 0.28708133971291866
2 0.4859375 0.638755980861244 0.2109375 0.2511961722488038
0 0.3640625 0.583732057416268 0.0375 0.08373205741626795
0 0.39375 0.5143540669856459 0.0625 0.05741626794258373
2 0.4671875 0.3708133971291866 0.0828125 0.11722488038277512
2 0.525 0.4473684210526316 0.03125 0.12679425837320574
2 0.55625 0.2751196172248804 0.103125 0.08373205741626795
2 0.6375 0.19856459330143542 0.059375 0.0645933014354067
2 0.65625 0.1291866028708134 0.0359375 0.03588516746411483
2 0.6515625 0.09569377990430622 0.03125 0.01674641148325359
2 0.70625 0.12440191387559808 0.04375 0.05502392344497608
5 0.621875 0.11244019138755981 0.0109375 0.011961722488038277
2 0.7375 0.35167464114832536 0.0625 0.13875598086124402
2 0.778125 0.24880382775119617 0.0515625 0.06220095693779904
2 0.675 0.42822966507177035 0.0609375 0.17942583732057416
2 0.6140625 0.4904306220095694 0.10625 0.19138755980861244
