4 0.359375 0.5358851674641149 0.0609375 0.04784688995215311
5 0.13125 0.35167464114832536 0.046875 0.08133971291866028
5 0.1625 0.22009569377990432 0.08125 0.0861244019138756
5 0.071875 0.22727272727272727 0.0828125 0.05263157894736842
5 0.2359375 0.17703349282296652 0.0671875 0.08373205741626795
5 0.7078125 0.22966507177033493 0.025 0.03588516746411483
5 0.71875 0.17942583732057416 0.0328125 0.05741626794258373
5 0.65625 0.1507177033492823 0.059375 0.07416267942583732
5 0.8578125 0.5143540669856459 0.0734375 0.07177033492822966
5 0.9046875 0.4354066985645933 0.0640625 0.03110047846889952
0 0.9515625 0.49282296650717705 0.0859375 0.09090909090909091
0 0.565625 0.5717703349282297 0.0609375 0.10287081339712918
0 0.61875 0.5143540669856459 0.0734375 0.09808612440191387
0 0.5046875 0.8253588516746412 0.078125 0.1339712918660287
0 0.76875 0.6244019138755981 0.0796875 0.16267942583732056
0 0.4234375 0.8516746411483254 0.0890625 0.13636363636363635
0 0.3296875 0.8444976076555024 0.08125 0.10287081339712918
0 0.1765625 0.9569377990430622 0.0734375 0.07416267942583732
0 0.03984375 0.3409090909090909 0.0796875 0.05502392344497608
5 0.059375 0.38995215311004783 0.028125 0.050239234449760764
0 0.228125 0.30861244019138756 0.134375 0.0645933014354067
0 0.209375 0.3803827751196172 0.1 0.07416267942583732
0 0.421875 0.3062200956937799 0.1328125 0.10047846889952153
0 0.7765625 0.06937799043062201 0.0953125 0.0861244019138756
0 0.0734375 0.2966507177033493 0.1 0.07416267942583732
