0 0.1921875 0.96875 0.08125 0.04276315789473684
0 0.2265625 0.9177631578947368 0.06875 0.09868421052631579
0 0.2625 0.8618421052631579 0.0515625 0.08223684210526316
0 0.309375 0.7927631578947368 0.0390625 0.0625
0 0.321875 0.7598684210526315 0.0328125 0.05592105263157895
5 0.3328125 0.9046052631578947 0.034375 0.10526315789473684
5 0.375 0.7039473684210527 0.0125 0.05263157894736842
5 0.396875 0.6710526315789473 0.0125 0.039473684210526314
5 0.3578125 0.631578947368421 0.0078125 0.029605263157894735
4 0.4328125 0.6644736842105263 0.00625 0.01644736842105263
5 0.3953125 0.6019736842105263 0.00625 0.023026315789473683
0 0.4703125 0.6381578947368421 0.0171875 0.023026315789473683
5 0.5546875 0.7039473684210527 0.009375 0.049342105263157895
5 0.596875 0.7072368421052632 0.0140625 0.05592105263157895
0 0.63125 0.7401315789473685 0.034375 0.0625
1 0.609375 0.6151315789473685 0.0328125 0.04276315789473684
5 0.7 0.9111842105263158 0.040625 0.13157894736842105
5 0.765625 0.9243421052631579 0.0328125 0.11513157894736842
0 0.8359375 0.9046052631578947 0.103125 0.08881578947368421
0 0.79375 0.8388157894736842 0.0984375 0.0625
4 0.6671875 0.7664473684210527 0.0125 0.04276315789473684
4 0.671875 0.7203947368421053 0.00625 0.023026315789473683
2 0.6640625 0.6118421052631579 0.0390625 0.08552631578947369
