4 0.1203125 0.6795580110497238 0.053125 0.06629834254143646
4 0.1375 0.5662983425414365 0.0453125 0.058011049723756904
0 0.2046875 0.574585635359116 0.0984375 0.09944751381215469
5 0.321875 0.5994475138121547 0.046875 0.1408839779005525
5 0.325 0.5082872928176796 0.0359375 0.03038674033149171
5 0.45625 0.5 0.03125 0.09392265193370165
5 0.5265625 0.430939226519337 0.025 0.06353591160220995
5 0.4953125 0.4447513812154696 0.03125 0.07734806629834254
5 0.496875 0.3756906077348066 0.021875 0.04696132596685083
4 0.6078125 0.43922651933701656 0.01875 0.0718232044198895
0 0.55625 0.292817679558011 0.0453125 0.03314917127071823
5 0.60625 0.31215469613259667 0.015625 0.04143646408839779
5 0.634375 0.30662983425414364 0.015625 0.04696132596685083
2 0.621875 0.27071823204419887 0.040625 0.07734806629834254
2 0.6078125 0.23480662983425415 0.0328125 0.03867403314917127
1 0.71875 0.47790055248618785 0.08125 0.22099447513812154
1 0.7734375 0.20441988950276244 0.0203125 0.03867403314917127
0 0.725 0.2154696132596685 0.0125 0.016574585635359115
0 0.7234375 0.19889502762430938 0.009375 0.011049723756906077
0 0.7234375 0.18232044198895028 0.0078125 0.013812154696132596
5 0.775 0.292817679558011 0.015625 0.04419889502762431
5 0.78125 0.2845303867403315 0.0109375 0.03867403314917127
5 0.7859375 0.3812154696132597 0.0203125 0.07458563535911603
5 0.809375 0.3756906077348066 0.0203125 0.0718232044198895
5 0.8265625 0.5248618784530387 0.034375 0.1132596685082873
5 0.85 0.6132596685082873 0.04375 0.15193370165745856
5 0.8875 0.5580110497237569 0.0328125 0.10773480662983426
5 0.915625 0.5441988950276243 0.03125 0.1270718232044199
5 0.940625 0.8480662983425414 0.0671875 0.2541436464088398
5 0.978125 0.638121546961326 0.040625 0.1574585635359116
0 0.96875 0.5138121546961326 0.059375 0.0718232044198895
