0 0.134375 0.576530612244898 0.2625 0.2568027210884354
0 0.2453125 0.4931972789115646 0.2703125 0.1360544217687075
0 0.1484375 0.41836734693877553 0.2 0.0935374149659864
4 0.590625 0.47619047619047616 0.078125 0.10714285714285714
4 0.796875 0.4268707482993197 0.0234375 0.04591836734693878
4 0.675 0.4557823129251701 0.0359375 0.08333333333333333
4 0.6265625 0.39285714285714285 0.0171875 0.03571428571428571
5 0.909375 0.40476190476190477 0.0296875 0.047619047619047616
5 0.8453125 0.4013605442176871 0.028125 0.047619047619047616
5 0.83125 0.39285714285714285 0.0171875 0.03571428571428571
5 0.803125 0.391156462585034 0.01875 0.03741496598639456
5 0.76875 0.40816326530612246 0.065625 0.061224489795918366
5 0.7375 0.3979591836734694 0.03125 0.05782312925170068
5 0.096875 0.3741496598639456 0.0484375 0.03741496598639456
0 0.0453125 0.38095238095238093 0.0796875 0.03741496598639456
0 0.425 0.37755102040816324 0.053125 0.0391156462585034
4 0.3078125 0.39285714285714285 0.05625 0.04421768707482993
4 0.409375 0.3826530612244898 0.0203125 0.03741496598639456
5 0.5234375 0.37244897959183676 0.01875 0.013605442176870748
5 0.6453125 0.4064625850340136 0.0546875 0.0663265306122449
