5 0.0421875 0.6948529411764706 0.05 0.21323529411764705
5 0.6515625 0.7058823529411765 0.053125 0.20588235294117646
5 0.5328125 0.5992647058823529 0.0421875 0.15441176470588236
0 0.11875 0.5735294117647058 0.0625 0.1213235294117647
0 0.0140625 0.5514705882352942 0.0265625 0.11764705882352941
0 0.0578125 0.45955882352941174 0.05 0.09191176470588236
0 0.075 0.4007352941176471 0.0421875 0.05514705882352941
0 0.6984375 0.6029411764705882 0.1328125 0.09926470588235294
0 0.659375 0.5220588235294118 0.1125 0.09926470588235294
2 0.446875 0.4117647058823529 0.10625 0.3602941176470588
5 0.16875 0.38235294117647056 0.0203125 0.08455882352941177
5 0.1578125 0.3492647058823529 0.015625 0.07720588235294118
5 0.15625 0.23161764705882354 0.0171875 0.03676470588235294
5 0.1703125 0.22426470588235295 0.0125 0.04044117647058824
2 0.16875 0.13602941176470587 0.040625 0.03676470588235294
4 0.7609375 0.6727941176470589 0.065625 0.09558823529411764
4 0.51875 0.35661764705882354 0.0140625 0.03676470588235294
4 0.4953125 0.24632352941176472 0.0078125 0.03308823529411765
4 0.509375 0.41544117647058826 0.0078125 0.06985294117647059
