0 0.3171875 0.9572368421052632 0.065625 0.06907894736842106
0 0.35 0.9144736842105263 0.05 0.08223684210526316
0 0.3953125 0.8421052631578947 0.0359375 0.06578947368421052
0 0.40625 0.805921052631579 0.03125 0.049342105263157895
5 0.46875 0.8651315789473685 0.0234375 0.07236842105263158
5 0.5328125 0.7631578947368421 0.015625 0.05263157894736842
5 0.490625 0.7138157894736842 0.0125 0.039473684210526314
5 0.53125 0.7072368421052632 0.0125 0.039473684210526314
5 0.5140625 0.6875 0.0109375 0.03289473684210526
5 0.503125 0.6842105263157895 0.009375 0.03289473684210526
5 0.475 0.6776315789473685 0.009375 0.029605263157894735
5 0.4390625 0.6776315789473685 0.009375 0.029605263157894735
1 0.475 0.631578947368421 0.0234375 0.039473684210526314
2 0.5078125 0.6118421052631579 0.03125 0.03618421052631579
2 0.4703125 0.6118421052631579 0.0296875 0.019736842105263157
5 0.6296875 0.7236842105263158 0.0140625 0.05592105263157895
5 0.778125 0.9013157894736842 0.03125 0.09868421052631579
5 0.8625 0.9457236842105263 0.040625 0.08881578947368421
0 0.934375 0.9342105263157895 0.1125 0.08552631578947369
0 0.890625 0.868421052631579 0.1015625 0.05592105263157895
4 0.7625 0.7532894736842105 0.0109375 0.02631578947368421
0 0.71875 0.7763157894736842 0.0359375 0.05921052631578947
1 0.74375 0.6578947368421053 0.025 0.05921052631578947
4 0.759375 0.8026315789473685 0.00625 0.03618421052631579
