5 0.6234375 0.8223684210526315 0.028125 0.10526315789473684
5 0.559375 0.7171052631578947 0.0171875 0.06907894736842106
5 0.6140625 0.756578947368421 0.01875 0.07236842105263158
5 0.565625 0.6151315789473685 0.009375 0.03618421052631579
5 0.5609375 0.5723684210526315 0.00625 0.023026315789473683
0 0.6359375 0.7467105263157895 0.03125 0.0756578947368421
4 0.765625 0.8256578947368421 0.040625 0.03289473684210526
4 0.7546875 0.7993421052631579 0.040625 0.039473684210526314
4 0.7421875 0.7960526315789473 0.0421875 0.04276315789473684
4 0.73125 0.7828947368421053 0.0375 0.04276315789473684
4 0.69375 0.7335526315789473 0.021875 0.02631578947368421
0 0.6578125 0.7138157894736842 0.0703125 0.05592105263157895
0 0.6375 0.6973684210526315 0.05625 0.04276315789473684
0 0.5390625 0.5789473684210527 0.0125 0.023026315789473683
0 0.5359375 0.5592105263157895 0.009375 0.013157894736842105
5 0.5578125 0.5361842105263158 0.0046875 0.013157894736842105
1 0.5484375 0.5032894736842105 0.00625 0.019736842105263157
5 0.56875 0.5394736842105263 0.0046875 0.01644736842105263
5 0.553125 0.5328947368421053 0.003125 0.013157894736842105
1 0.56875 0.5197368421052632 0.009375 0.01644736842105263
4 0.034375 0.8355263157894737 0.025 0.05592105263157895
5 0.2546875 0.7828947368421053 0.03125 0.07894736842105263
4 0.2140625 0.7763157894736842 0.03125 0.046052631578947366
4 0.2296875 0.7138157894736842 0.01875 0.03289473684210526
0 0.2578125 0.7203947368421053 0.0453125 0.05921052631578947
0 0.353125 0.6776315789473685 0.03125 0.046052631578947366
5 0.40625 0.631578947368421 0.00625 0.046052631578947366
2 0.44375 0.5822368421052632 0.03125 0.06578947368421052
0 0.4640625 0.569078947368421 0.0046875 0.019736842105263157
0 0.521875 0.5427631578947368 0.00625 0.013157894736842105
