0 0.1171875 0.7311111111111112 0.1890625 0.2111111111111111
1 0.5703125 0.7777777777777778 0.4 0.41333333333333333
5 0.7125 0.6622222222222223 0.103125 0.22
5 0.4328125 0.43333333333333335 0.065625 0.14888888888888888
5 0.334375 0.35333333333333333 0.065625 0.1288888888888889
5 0.2078125 0.3244444444444444 0.0390625 0.1288888888888889
5 0.028125 0.13111111111111112 0.025 0.06888888888888889
4 0.7265625 0.5155555555555555 0.0359375 0.06666666666666667
0 0.525 0.3977777777777778 0.13125 0.09555555555555556
0 0.446875 0.3333333333333333 0.15625 0.08222222222222222
0 0.278125 0.30444444444444446 0.0796875 0.09555555555555556
5 0.2140625 0.07555555555555556 0.0265625 0.04
4 0.2171875 0.1688888888888889 0.028125 0.035555555555555556
4 0.2125 0.2088888888888889 0.0328125 0.022222222222222223
