4 0.11875 0.3446969696969697 0.0265625 0.12121212121212122
5 0.096875 0.20075757575757575 0.05 0.07575757575757576
5 0.0890625 0.1553030303030303 0.028125 0.06439393939393939
5 0.3515625 0.32196969696969696 0.0234375 0.12121212121212122
1 0.3375 0.20075757575757575 0.0765625 0.11742424242424243
5 0.3765625 0.125 0.015625 0.05303030303030303
4 0.4640625 0.2878787878787879 0.025 0.056818181818181816
0 0.528125 0.49242424242424243 0.0734375 0.1590909090909091
5 0.5890625 0.5454545454545454 0.0578125 0.16287878787878787
0 0.7078125 0.5113636363636364 0.1640625 0.125
0 0.7984375 0.6325757575757576 0.1515625 0.17045454545454544
5 0.7046875 0.678030303030303 0.0734375 0.24621212121212122
