4 0.040625 0.8355263157894737 0.078125 0.07894736842105263
4 0.0296875 0.680921052631579 0.0375 0.05592105263157895
4 0.190625 0.6019736842105263 0.028125 0.04276315789473684
4 0.4921875 0.5263157894736842 0.0125 0.049342105263157895
5 0.2640625 0.6973684210526315 0.0359375 0.11513157894736842
5 0.2953125 0.569078947368421 0.021875 0.0756578947368421
4 0.2078125 0.5493421052631579 0.01875 0.03289473684210526
0 0.2390625 0.555921052631579 0.0453125 0.05921052631578947
5 0.3578125 0.4934210526315789 0.0140625 0.05263157894736842
5 0.378125 0.4934210526315789 0.0140625 0.049342105263157895
5 0.3765625 0.4473684210526316 0.0078125 0.02631578947368421
0 0.40625 0.40131578947368424 0.021875 0.01644736842105263
2 0.4390625 0.39144736842105265 0.0171875 0.046052631578947366
2 0.43125 0.3717105263157895 0.015625 0.023026315789473683
4 0.4421875 0.4506578947368421 0.00625 0.03289473684210526
5 0.615625 0.8782894736842105 0.0484375 0.21052631578947367
5 0.6390625 0.75 0.0328125 0.14802631578947367
5 0.5734375 0.6644736842105263 0.028125 0.1118421052631579
5 0.60625 0.6019736842105263 0.0203125 0.08552631578947369
5 0.5484375 0.5625 0.0265625 0.06907894736842106
5 0.5625 0.5493421052631579 0.0125 0.05592105263157895
5 0.521875 0.4901315789473684 0.0125 0.046052631578947366
5 0.525 0.46381578947368424 0.00625 0.02631578947368421
1 0.471875 0.6513157894736842 0.06875 0.24013157894736842
0 0.79296875 0.8930921052631579 0.1078125 0.19407894736842105
4 0.76875 0.6644736842105263 0.03125 0.04276315789473684
4 0.7234375 0.6217105263157895 0.0296875 0.039473684210526314
4 0.7390625 0.6282894736842105 0.0328125 0.03289473684210526
4 0.753125 0.6414473684210527 0.0328125 0.039473684210526314
4 0.715625 0.6118421052631579 0.034375 0.039473684210526314
4 0.6828125 0.5789473684210527 0.028125 0.03289473684210526
4 0.6703125 0.5723684210526315 0.03125 0.02631578947368421
4 0.66875 0.5625 0.03125 0.023026315789473683
0 0.61875 0.5789473684210527 0.0359375 0.07236842105263158
0 0.634375 0.5394736842105263 0.0703125 0.046052631578947366
0 0.6125 0.5263157894736842 0.0546875 0.039473684210526314
5 0.5140625 0.4144736842105263 0.0078125 0.023026315789473683
5 0.5125 0.40789473684210525 0.00625 0.02631578947368421
1 0.509375 0.35526315789473684 0.009375 0.023026315789473683
0 0.4875 0.3684210526315789 0.00625 0.009868421052631578
0 0.4875 0.35855263157894735 0.0046875 0.006578947368421052
0 0.4859375 0.34539473684210525 0.003125 0.006578947368421052
4 0.490625 0.35526315789473684 0.0015625 0.009868421052631578
