4 0.1890625 0.7960526315789473 0.0296875 0.04276315789473684
4 0.2 0.7894736842105263 0.0265625 0.039473684210526314
4 0.20625 0.7763157894736842 0.0328125 0.049342105263157895
4 0.2046875 0.7302631578947368 0.0140625 0.03289473684210526
4 0.2546875 0.7006578947368421 0.0140625 0.023026315789473683
0 0.2359375 0.7368421052631579 0.05 0.05921052631578947
5 0.3734375 0.680921052631579 0.015625 0.049342105263157895
2 0.4265625 0.5921052631578947 0.028125 0.05921052631578947
4 0.4578125 0.5986842105263158 0.0046875 0.02631578947368421
5 0.4765625 0.5723684210526315 0.00625 0.023026315789473683
2 0.4734375 0.5460526315789473 0.0109375 0.02631578947368421
0 0.4703125 0.7236842105263158 0.03125 0.05921052631578947
5 0.59375 0.8223684210526315 0.0265625 0.10526315789473684
5 0.5828125 0.756578947368421 0.0234375 0.07894736842105263
5 0.56875 0.743421052631579 0.0140625 0.07236842105263158
5 0.565625 0.7039473684210527 0.015625 0.03289473684210526
5 0.540625 0.6842105263157895 0.0140625 0.0625
5 0.5375 0.6513157894736842 0.0125 0.04276315789473684
4 0.734375 0.8125 0.0328125 0.039473684210526314
4 0.7265625 0.8026315789473685 0.0421875 0.03289473684210526
4 0.7078125 0.7861842105263158 0.028125 0.039473684210526314
4 0.690625 0.7796052631578947 0.0109375 0.03618421052631579
4 0.66875 0.7302631578947368 0.021875 0.01644736842105263
0 0.6109375 0.7467105263157895 0.03125 0.0756578947368421
0 0.5875 0.7039473684210527 0.021875 0.03289473684210526
0 0.634375 0.7072368421052632 0.06875 0.049342105263157895
0 0.5953125 0.6875 0.046875 0.023026315789473683
2 0.525 0.5460526315789473 0.0109375 0.039473684210526314
5 0.5546875 0.5427631578947368 0.0046875 0.013157894736842105
4 0.540625 0.5098684210526315 0.0015625 0.006578947368421052
5 0.553125 0.5592105263157895 0.00625 0.019736842105263157
