0 0.3671875 0.9653979238754326 0.1578125 0.06055363321799308
0 0.4375 0.903114186851211 0.134375 0.09169550173010381
0 0.5078125 0.8529411764705882 0.0890625 0.07093425605536333
0 0.59375 0.78719723183391 0.071875 0.06228373702422145
0 0.615625 0.7439446366782007 0.059375 0.04671280276816609
5 0.6734375 0.9204152249134948 0.0671875 0.11591695501730104
5 0.6703125 0.7768166089965398 0.040625 0.07439446366782007
5 0.728125 0.7577854671280276 0.0375 0.07439446366782007
5 0.7453125 0.6349480968858131 0.01875 0.025951557093425604
5 0.678125 0.6211072664359861 0.009375 0.031141868512110725
2 0.74375 0.5570934256055363 0.059375 0.025951557093425604
