0 0.415625 0.9732142857142857 0.03125 0.049107142857142856
0 0.721875 0.9598214285714286 0.034375 0.07142857142857142
4 0.4921875 0.9107142857142857 0.0109375 0.05357142857142857
5 0.46875 0.8526785714285714 0.0125 0.044642857142857144
5 0.475 0.8392857142857143 0.009375 0.049107142857142856
5 0.4765625 0.8080357142857143 0.009375 0.03571428571428571
5 0.5 0.8303571428571429 0.009375 0.03571428571428571
5 0.446875 0.7991071428571429 0.0078125 0.03571428571428571
1 0.5359375 0.8482142857142857 0.03125 0.11607142857142858
1 0.525 0.78125 0.028125 0.05803571428571429
5 0.4484375 0.7723214285714286 0.00625 0.017857142857142856
4 0.4578125 0.7723214285714286 0.003125 0.022321428571428572
2 0.43125 0.7142857142857143 0.0125 0.049107142857142856
2 0.471875 0.7276785714285714 0.0296875 0.03571428571428571
4 0.5609375 0.84375 0.0109375 0.04017857142857143
5 0.6875 0.9196428571428571 0.009375 0.08035714285714286
5 0.74375 0.875 0.0140625 0.044642857142857144
4 0.76875 0.9330357142857143 0.0140625 0.03571428571428571
