5 0.30625 0.9172794117647058 0.0515625 0.11029411764705882
5 0.2859375 0.8511029411764706 0.0390625 0.08088235294117647
5 0.1921875 0.7224264705882353 0.021875 0.034926470588235295
4 0.11875 0.7518382352941176 0.0140625 0.04411764705882353
4 0.5640625 0.9099264705882353 0.0734375 0.03860294117647059
4 0.5421875 0.8970588235294118 0.071875 0.034926470588235295
4 0.5125 0.8878676470588235 0.0625 0.04044117647058824
4 0.5 0.8713235294117647 0.065625 0.04411764705882353
4 0.4421875 0.8290441176470589 0.059375 0.04411764705882353
0 0.36875 0.7977941176470589 0.1265625 0.04411764705882353
0 0.3328125 0.7849264705882353 0.1 0.04411764705882353
5 0.196875 0.6727941176470589 0.0140625 0.02389705882352941
0 0.16875 0.6341911764705882 0.0125 0.014705882352941176
0 0.1578125 0.6231617647058824 0.0125 0.011029411764705883
0 0.10625 0.6507352941176471 0.015625 0.01838235294117647
0 0.015625 0.6580882352941176 0.009375 0.02022058823529412
2 0.0046875 0.6709558823529411 0.009375 0.058823529411764705
4 0.09375 0.625 0.00625 0.012867647058823529
1 0.1703125 0.5882352941176471 0.009375 0.016544117647058824
5 0.1890625 0.6488970588235294 0.0125 0.02022058823529412
1 0.20625 0.6084558823529411 0.0171875 0.01838235294117647
