5 0.659375 0.4888888888888889 0.0234375 0.04722222222222222
5 0.6765625 0.4861111111111111 0.021875 0.04722222222222222
2 0.5265625 0.49166666666666664 0.05 0.11388888888888889
0 0.45625 0.525 0.06875 0.06111111111111111
0 0.24375 0.5388888888888889 0.0921875 0.05555555555555555
5 0.075 0.5916666666666667 0.059375 0.15
5 0.0203125 0.6055555555555555 0.040625 0.18888888888888888
0 0.13125 0.55 0.034375 0.03888888888888889
4 0.1609375 0.5361111111111111 0.0171875 0.025
5 0.9921875 0.4722222222222222 0.0140625 0.04722222222222222
