5 0.85 0.6361111111111111 0.2875 0.7222222222222222
5 0.846875 0.4111111111111111 0.1359375 0.2638888888888889
5 0.7265625 0.4083333333333333 0.0578125 0.25
5 0.10625 0.5111111111111111 0.2109375 0.275
5 0.1640625 0.45555555555555555 0.084375 0.25833333333333336
5 0.3453125 0.35 0.071875 0.09722222222222222
5 0.4015625 0.3416666666666667 0.065625 0.08055555555555556
0 0.64375 0.30833333333333335 0.0390625 0.06111111111111111
2 0.721875 0.28055555555555556 0.05 0.09722222222222222
2 0.9359375 0.26944444444444443 0.0859375 0.075
2 0.76875 0.25555555555555554 0.053125 0.04722222222222222
5 0.6015625 0.29444444444444445 0.015625 0.041666666666666664
5 0.509375 0.30833333333333335 0.0234375 0.041666666666666664
