5 0.9125 0.4388888888888889 0.1390625 0.35555555555555557
5 0.54375 0.2388888888888889 0.046875 0.08055555555555556
5 0.4609375 0.23055555555555557 0.0375 0.075
5 0.953125 0.26944444444444443 0.04375 0.11944444444444445
0 0.6296875 0.23055555555555557 0.0796875 0.05277777777777778
0 0.7265625 0.2222222222222222 0.05625 0.05
5 0.10625 0.2361111111111111 0.0296875 0.075
5 0.1625 0.24444444444444444 0.0296875 0.08888888888888889
5 0.609375 0.20277777777777778 0.01875 0.030555555555555555
1 0.9859375 0.18611111111111112 0.025 0.05555555555555555
0 0.6203125 0.3111111111111111 0.071875 0.16111111111111112
