5 0.490625 0.5861111111111111 0.1203125 0.3861111111111111
5 0.5921875 0.4666666666666667 0.0484375 0.20277777777777778
2 0.80625 0.48333333333333334 0.3859375 0.8166666666666667
2 0.4140625 0.37222222222222223 0.1921875 0.2361111111111111
0 0.28125 0.44722222222222224 0.115625 0.15
4 0.2265625 0.39166666666666666 0.0265625 0.09166666666666666
2 0.0640625 0.33055555555555555 0.0609375 0.08055555555555556
2 0.1109375 0.3138888888888889 0.0328125 0.041666666666666664
2 0.146875 0.32222222222222224 0.025 0.058333333333333334
5 0.01484375 0.3680555555555556 0.0296875 0.058333333333333334
5 0.03125 0.35833333333333334 0.021875 0.041666666666666664
5 0.2890625 0.35833333333333334 0.025 0.05
0 0.196875 0.3277777777777778 0.009375 0.019444444444444445
