0 0.5296875 0.5583333333333333 0.2125 0.35833333333333334
0 0.66875 0.5361111111111111 0.30625 0.31666666666666665
0 0.1578125 0.42777777777777776 0.1359375 0.2
5 0.5875 0.35 0.071875 0.08611111111111111
5 0.81875 0.44722222222222224 0.1421875 0.21388888888888888
5 0.428125 0.33055555555555555 0.034375 0.075
5 0.2578125 0.30277777777777776 0.025 0.04722222222222222
5 0.2984375 0.3 0.03125 0.04722222222222222
0 0.2234375 0.35555555555555557 0.0765625 0.09444444444444444
5 0.215625 0.2972222222222222 0.0203125 0.04722222222222222
5 0.28125 0.3 0.01875 0.041666666666666664
0 0.16875 0.3194444444444444 0.0515625 0.05555555555555555
0 0.1265625 0.2916666666666667 0.03125 0.027777777777777776
0 0.1140625 0.34444444444444444 0.0625 0.08333333333333333
2 0.1453125 0.2611111111111111 0.028125 0.05
2 0.0765625 0.25555555555555554 0.03125 0.04722222222222222
