4 0.1890625 0.55 0.0828125 0.23055555555555557
2 0.45625 0.20555555555555555 0.153125 0.16111111111111112
2 0.7046875 0.28055555555555556 0.1484375 0.19722222222222222
5 0.509375 0.4527777777777778 0.084375 0.16944444444444445
5 0.4578125 0.5972222222222222 0.0875 0.2833333333333333
4 0.446875 0.38333333333333336 0.0578125 0.1361111111111111
0 0.1984375 0.45 0.2109375 0.20833333333333334
4 0.5859375 0.30277777777777776 0.0375 0.06666666666666667
5 0.140625 0.8444444444444444 0.1796875 0.3055555555555556
5 0.2640625 0.24166666666666667 0.0765625 0.10555555555555556
0 0.5765625 0.40555555555555556 0.0984375 0.15555555555555556
5 0.878125 0.44166666666666665 0.096875 0.15555555555555556
5 0.3640625 0.9055555555555556 0.159375 0.18611111111111112
5 0.44375 0.8722222222222222 0.153125 0.25
5 0.4921875 0.8083333333333333 0.15625 0.325
5 0.578125 0.7666666666666667 0.1296875 0.28888888888888886
5 0.6125 0.7138888888888889 0.1390625 0.26944444444444443
5 0.75 0.5444444444444444 0.115625 0.16111111111111112
5 0.69375 0.5527777777777778 0.1 0.11944444444444445
5 0.81875 0.5027777777777778 0.09375 0.19722222222222222
5 0.0328125 0.34444444444444444 0.0625 0.13333333333333333
