5 0.8421875 0.4166666666666667 0.2046875 0.3611111111111111
5 0.259375 0.2 0.034375 0.08888888888888889
5 0.5375 0.21944444444444444 0.0375 0.1
5 0.48125 0.23333333333333334 0.04375 0.12777777777777777
5 0.896875 0.28888888888888886 0.0765625 0.15833333333333333
5 0.7640625 0.2611111111111111 0.0609375 0.12777777777777777
2 0.2734375 0.1527777777777778 0.06875 0.10277777777777777
2 0.146875 0.1361111111111111 0.03125 0.058333333333333334
5 0.796875 0.22777777777777777 0.0578125 0.10277777777777777
5 0.5703125 0.2111111111111111 0.025 0.09444444444444444
5 0.00625 0.17777777777777778 0.0125 0.06666666666666667
5 0.965625 0.2111111111111111 0.04375 0.06388888888888888
