2 0.1515625 0.7055555555555556 0.3015625 0.31666666666666665
2 0.4640625 0.49444444444444446 0.140625 0.15
5 0.9015625 0.6611111111111111 0.053125 0.13333333333333333
5 0.90625 0.5222222222222223 0.034375 0.07777777777777778
4 0.603125 0.44166666666666665 0.0125 0.044444444444444446
5 0.975 0.5388888888888889 0.0296875 0.07222222222222222
5 0.9828125 0.575 0.0328125 0.08055555555555556
5 0.7921875 0.48055555555555557 0.0234375 0.06666666666666667
5 0.74375 0.42777777777777776 0.01875 0.05
2 0.35625 0.5055555555555555 0.1625 0.1527777777777778
2 0.4421875 0.41944444444444445 0.078125 0.05555555555555555
2 0.4578125 0.3972222222222222 0.0765625 0.06388888888888888
