0 0.4390625 0.8 0.2 0.23055555555555557
0 0.6125 0.6222222222222222 0.1578125 0.19444444444444445
4 0.2484375 0.6861111111111111 0.06875 0.11944444444444445
5 0.3328125 0.6694444444444444 0.1 0.17777777777777778
5 0.8828125 0.7805555555555556 0.0796875 0.23333333333333334
0 0.90625 0.24722222222222223 0.121875 0.125
5 0.8203125 0.23055555555555557 0.0734375 0.1361111111111111
5 0.7671875 0.1638888888888889 0.0484375 0.1
5 0.7140625 0.1527777777777778 0.0421875 0.09444444444444444
4 0.3671875 0.49166666666666664 0.046875 0.09166666666666666
