5 0.3734375 0.37777777777777777 0.0359375 0.09444444444444444
2 0.1359375 0.5555555555555556 0.2046875 0.38055555555555554
2 0.09375 0.4388888888888889 0.1875 0.30833333333333335
2 0.4859375 0.25833333333333336 0.103125 0.13055555555555556
2 0.4453125 0.2222222222222222 0.0765625 0.11944444444444445
2 0.5765625 0.16944444444444445 0.0328125 0.08055555555555556
2 0.5625 0.10555555555555556 0.0203125 0.04722222222222222
2 0.4953125 0.175 0.0828125 0.06388888888888888
0 0.6234375 0.25 0.0296875 0.05
0 0.621875 0.20555555555555555 0.0265625 0.03888888888888889
2 0.6984375 0.18333333333333332 0.040625 0.09166666666666666
5 0.978125 0.35833333333333334 0.0359375 0.09166666666666666
5 0.909375 0.5611111111111111 0.059375 0.16111111111111112
5 0.865625 0.4583333333333333 0.0390625 0.12222222222222222
5 0.971875 0.575 0.053125 0.16666666666666666
5 0.7828125 0.2722222222222222 0.025 0.07222222222222222
5 0.828125 0.2722222222222222 0.0265625 0.06944444444444445
