2 0.24375 0.5111111111111111 0.396875 0.46111111111111114
5 0.0359375 0.6638888888888889 0.071875 0.26666666666666666
5 0.7484375 0.5305555555555556 0.053125 0.13333333333333333
5 0.640625 0.4861111111111111 0.0265625 0.08888888888888889
5 0.4359375 0.49444444444444446 0.0125 0.06111111111111111
2 0.4953125 0.4444444444444444 0.034375 0.041666666666666664
5 0.9703125 0.6138888888888889 0.0515625 0.2611111111111111
5 0.4671875 0.4666666666666667 0.015625 0.041666666666666664
0 0.0671875 0.8777777777777778 0.134375 0.2388888888888889
5 0.0375 0.5722222222222222 0.04375 0.1111111111111111
