0 0.315625 0.8444444444444444 0.371875 0.30833333333333335
0 0.065625 0.7583333333333333 0.128125 0.14722222222222223
5 0.165625 0.7027777777777777 0.1109375 0.125
0 0.334375 0.725 0.1890625 0.1361111111111111
0 0.384375 0.6944444444444444 0.0921875 0.08888888888888889
5 0.28125 0.65 0.0140625 0.03333333333333333
5 0.359375 0.6416666666666667 0.0234375 0.030555555555555555
0 0.3953125 0.65 0.04375 0.019444444444444445
5 0.7953125 0.6833333333333333 0.0453125 0.1
5 0.9421875 0.75 0.103125 0.29444444444444445
