0 0.3953125 0.7361111111111112 0.2109375 0.14444444444444443
2 0.6640625 0.6333333333333333 0.2515625 0.2638888888888889
0 0.8953125 0.7 0.0328125 0.10555555555555556
2 0.9515625 0.6722222222222223 0.0953125 0.3861111111111111
0 0.8546875 0.6583333333333333 0.034375 0.041666666666666664
5 0.325 0.6833333333333333 0.05625 0.08055555555555556
2 0.26875 0.6527777777777778 0.18125 0.09444444444444444
5 0.525 0.6611111111111111 0.0203125 0.05277777777777778
5 0.496875 0.6638888888888889 0.0171875 0.044444444444444446
5 0.4703125 0.6611111111111111 0.03125 0.05277777777777778
