0 0.1546875 0.925 0.290625 0.1388888888888889
0 0.4953125 0.9277777777777778 0.2578125 0.1361111111111111
0 0.8703125 0.7333333333333333 0.15 0.17777777777777778
0 0.9015625 0.5916666666666667 0.1125 0.1111111111111111
5 0.9515625 0.8333333333333334 0.0828125 0.24722222222222223
5 0.965625 0.9222222222222223 0.05625 0.13333333333333333
4 0.1265625 0.7638888888888888 0.090625 0.11944444444444445
5 0.465625 0.5694444444444444 0.06875 0.13055555555555556
4 0.4921875 0.5416666666666666 0.0171875 0.05
0 0.01796875 0.5777777777777777 0.0359375 0.1
