5 0.91875 0.6111111111111112 0.153125 0.725
5 0.7703125 0.38333333333333336 0.1671875 0.4666666666666667
5 0.6984375 0.19166666666666668 0.071875 0.175
5 0.6359375 0.19722222222222222 0.0484375 0.1527777777777778
2 0.509375 0.09166666666666666 0.1640625 0.18333333333333332
2 0.17421875 0.37916666666666665 0.3484375 0.7583333333333333
2 0.3640625 0.07777777777777778 0.121875 0.08888888888888889
5 0.390625 0.1638888888888889 0.0546875 0.08888888888888889
5 0.903125 0.21944444444444444 0.10625 0.225
1 0.846875 0.12222222222222222 0.14375 0.17222222222222222
