0 0.028125 0.5638888888888889 0.05625 0.044444444444444446
5 0.44375 0.7138888888888889 0.0921875 0.12777777777777777
5 0.5984375 0.7944444444444444 0.10625 0.15
5 0.609375 0.7444444444444445 0.0921875 0.10555555555555556
5 0.478125 0.6416666666666667 0.0703125 0.10277777777777777
5 0.565625 0.675 0.1578125 0.10277777777777777
5 0.8046875 0.7777777777777778 0.115625 0.14166666666666666
5 0.85625 0.7416666666666667 0.103125 0.1388888888888889
5 0.796875 0.6138888888888889 0.0796875 0.09722222222222222
5 0.871875 0.6194444444444445 0.0390625 0.08888888888888889
5 0.9015625 0.6694444444444444 0.0421875 0.1111111111111111
0 0.340625 0.575 0.046875 0.075
0 0.4 0.575 0.04375 0.075
0 0.509375 0.5472222222222223 0.0421875 0.06666666666666667
0 0.540625 0.5944444444444444 0.0578125 0.08333333333333333
0 0.5265625 0.48333333333333334 0.0296875 0.044444444444444446
2 0.465625 0.37222222222222223 0.021875 0.041666666666666664
2 0.4828125 0.3638888888888889 0.0171875 0.03611111111111111
2 0.4609375 0.34444444444444444 0.01875 0.030555555555555555
0 0.35 0.5361111111111111 0.040625 0.06111111111111111
0 0.38125 0.46111111111111114 0.0203125 0.03333333333333333
1 0.4421875 0.4 0.01875 0.011111111111111112
0 0.54375 0.5 0.028125 0.044444444444444446
5 0.3171875 0.3888888888888889 0.009375 0.025
0 0.3703125 0.3638888888888889 0.009375 0.013888888888888888
2 0.434375 0.34444444444444444 0.0109375 0.019444444444444445
2 0.4140625 0.3416666666666667 0.009375 0.019444444444444445
