5 0.5453125 0.8055555555555556 0.09375 0.14722222222222223
5 0.4453125 0.7722222222222223 0.09375 0.13333333333333333
5 0.29375 0.7888888888888889 0.1046875 0.13055555555555556
5 0.1484375 0.7305555555555555 0.0984375 0.11388888888888889
5 0.24375 0.6972222222222222 0.0890625 0.11388888888888889
5 0.3546875 0.7277777777777777 0.1609375 0.11666666666666667
5 0.6796875 0.6972222222222222 0.065625 0.1
5 0.9015625 0.7166666666666667 0.0546875 0.1
5 0.9359375 0.8388888888888889 0.0515625 0.14444444444444443
0 0.3625 0.5972222222222222 0.0421875 0.075
0 0.421875 0.6055555555555555 0.046875 0.075
0 0.559375 0.6416666666666667 0.0546875 0.08888888888888889
0 0.5328125 0.5916666666666667 0.040625 0.06944444444444445
0 0.371875 0.5583333333333333 0.0390625 0.058333333333333334
0 0.528125 0.5555555555555556 0.034375 0.04722222222222222
0 0.55 0.5277777777777778 0.028125 0.04722222222222222
2 0.4921875 0.4111111111111111 0.0203125 0.03611111111111111
2 0.509375 0.4027777777777778 0.0171875 0.03611111111111111
2 0.4890625 0.38055555555555554 0.0140625 0.027777777777777776
2 0.4640625 0.38055555555555554 0.0125 0.022222222222222223
0 0.4046875 0.4888888888888889 0.01875 0.03333333333333333
0 0.4046875 0.4666666666666667 0.0171875 0.013888888888888888
0 0.4046875 0.4583333333333333 0.0203125 0.011111111111111112
1 0.4671875 0.43333333333333335 0.01875 0.011111111111111112
5 0.3125 0.42777777777777776 0.0125 0.027777777777777776
