5 0.5046875 0.8694444444444445 0.125 0.19444444444444445
5 0.3109375 0.8722222222222222 0.1328125 0.17777777777777778
5 0.165625 0.9 0.1453125 0.17777777777777778
5 0.15 0.8111111111111111 0.1203125 0.15555555555555556
5 0.0703125 0.7694444444444445 0.06875 0.15833333333333333
0 0.2421875 0.7361111111111112 0.1421875 0.14444444444444443
0 0.09375 0.7027777777777777 0.1140625 0.1111111111111111
0 0.1375 0.6611111111111111 0.1015625 0.1
0 0.1 0.5666666666666667 0.075 0.07777777777777778
0 0.2328125 0.42777777777777776 0.0328125 0.03888888888888889
5 0.115625 0.4638888888888889 0.021875 0.05555555555555555
0 0.2984375 0.5416666666666666 0.0453125 0.07777777777777778
0 0.359375 0.5472222222222223 0.0453125 0.08055555555555556
4 0.171875 0.4083333333333333 0.015625 0.03611111111111111
5 0.8609375 0.675 0.0484375 0.10555555555555556
5 0.8453125 0.6083333333333333 0.0671875 0.1
0 0.503125 0.5638888888888889 0.0546875 0.09166666666666666
0 0.475 0.5194444444444445 0.040625 0.06944444444444445
0 0.46875 0.48333333333333334 0.0375 0.04722222222222222
0 0.4921875 0.4527777777777778 0.0265625 0.05
0 0.4765625 0.4166666666666667 0.0171875 0.03888888888888889
0 0.309375 0.5 0.0390625 0.06111111111111111
0 0.3390625 0.4222222222222222 0.0203125 0.03333333333333333
